# Number of parameters = 36  Objective function value = 1471.17  Maximum gradient component = 6.38472e-05
# logitTheta:
 -5.18842 -1.61069 -2.39903 -1.92194 -1.97274 -1.78007 -2.26169 -1.87300 -1.92194
 -1.64329 -5.21583 -2.35828 -2.35828 -1.90437 -1.72509 -1.95312 -1.90437 -1.90437
 -1.55429 -1.83655 -5.23721 -2.08032 -2.78471 -2.02783 -1.97738 -1.70880 -1.92878
 -1.75946 -2.26587 -2.07438 -5.13129 -2.19874 -1.75946 -2.01645 -1.85652 -1.75946
# logM:
-2.52000000000
# logFbar:
-1.61000000000
# alpha:
 1.00000000000 1.00000000000 1.00000000000 1.00000000000 1.00000000000 1.00000000000 1.00000000000 1.00000000000 1.00000000000
# d:
30.0000000000
# Z:
 0.280000000000 0.280000000000 0.280000000000 0.280000000000 0.280000000000 0.280000000000 0.280000000000 0.280000000000 0.280000000000
# F:
 0.200000000000 0.200000000000 0.200000000000 0.200000000000 0.200000000000 0.200000000000 0.200000000000 0.200000000000 0.200000000000
